bulletin_date,cumulative_positive_results,cumulative_negative_results,cumulative_pending_results,new_cases,new_confirmed_cases,new_probable_cases,new_suspect_cases,adjusted_confirmed_cases,adjusted_probable_cases,adjusted_suspect_cases,cumulative_cases,cumulative_confirmed_cases,cumulative_probable_cases,cumulative_suspect_cases,cumulative_deaths,cumulative_confirmed_deaths,cumulative_probable_deaths,cumulative_suspect_deaths
2020-03-13,3,5,10,,,,,,,,,,,,,,,
2020-03-14,4,12,4,,,,,,,,,,,,,,,
2020-03-15,5,12,4,,,,,,,,,,,,,,,
2020-03-16,5,13,4,,,,,,,,,,,,,,,
2020-03-17,5,31,21,,,,,,,,,,,,,,,
2020-03-18,6,56,29,,,,,,,,,,,,,,,
2020-03-19,14,114,52,,,,,,,,,,,,,,,
2020-03-20,21,143,71,,,,,,,,,,,,,,,
2020-03-21,23,183,69,,,,,,,,,,,,,,,
2020-03-22,31,189,35,,,,,,,,,,,,2,2,,
2020-03-23,39,268,42,,,,,,,,,,,,2,2,,
2020-03-24,51,317,70,,,,,,,,,,,,2,2,,
2020-03-25,64,377,335,,,,,,,,,,,,2,2,,
2020-03-26,79,519,334,,,,,,,,,,,,3,3,,
2020-03-27,100,739,792,,,,,,,,,,,,3,3,,
2020-03-28,127,841,817,,,,,,,,,,,,5,5,,
2020-03-29,174,931,794,,,,,,,,,,,,6,6,,
2020-03-30,239,1195,854,,,,,,,,,,,,8,8,,
2020-03-31,286,1409,897,,,,,,,,,,,,11,11,,
2020-04-01,316,1604,1119,,,,,,,,,,,,12,12,,
2020-04-02,378,2049,1055,,,,,,,,,,,,15,15,,
2020-04-03,452,2605,1129,,,,,,,,,,,,18,18,,
2020-04-04,475,3073,1039,,,,,,,,,,,,20,20,,
2020-04-05,513,3422,1000,,,,,,,,,,,,21,21,,
2020-04-06,573,3966,968,,,,,,,,,,,,23,23,,
2020-04-07,620,4266,1160,,,,,,,,,,,,24,24,,
2020-04-08,683,4703,1304,,,,,,,,,,,,33,26,7,
2020-04-09,725,5121,1392,,,,,,,,,,,,39,28,11,
2020-04-10,788,5583,1332,,,,,,,,,,,,42,29,13,
2020-04-11,897,5819,1251,,,,,,,,,,,,44,31,13,
2020-04-12,903,5960,1288,,,,,,,,,,,,45,32,13,
2020-04-13,923,6284,1322,,,,,,,,,,,,45,32,13,
2020-04-14,974,6825,1404,,,,,,,,,,,,51,36,15,
2020-04-15,1043,7315,1465,,,,,,,,,,,,56,37,19,
2020-04-16,1068,7864,1472,,,,,,,,,,,,58,39,19,
2020-04-17,1118,8055,1752,,,,,,,,,,,,60,41,19,
2020-04-18,1213,8280,1830,,,,,,,,,,,,62,41,21,
2020-04-19,1252,8486,1886,,,,,,,,,,,,63,42,21,
2020-04-20,1298,8789,1751,,,,,,,,,,,,64,43,21,
2020-04-21,1378,8842,1944,,,,,,,,,,,,67,46,21,
2020-04-22,1416,9313,1940,,,,,,,,1230,849,,,69,48,21,
2020-04-23,,,,46,3,,43,,,,1276,871,,405,77,51,26,
2020-04-24,,,,31,7,,24,,,,1307,878,,429,83,52,31,
2020-04-25,,,,64,13,,51,,,,1371,891,,480,84,53,31,
2020-04-26,,,,18,4,,14,,,,1389,895,,494,84,53,31,
2020-04-27,,,,11,3,,8,,,,1400,898,,502,86,54,32,
2020-04-28,,,,33,6,,27,,,,1433,904,,529,86,54,32,
2020-04-29,,,,106,51,,55,,,,1539,955,,584,92,54,38,
2020-04-30,,,,36,9,,27,,,,1575,964,,611,94,54,40,
2020-05-01,,,,182,9,,173,,,,1757,973,,784,95,54,41,
2020-05-02,,,,51,15,,36,,,,1808,988,,820,97,54,43,
2020-05-03,,,,35,13,,22,,,,1843,1001,,842,97,54,43,
2020-05-04,,,,81,4,,77,,,,1924,1005,,919,99,56,43,
2020-05-05,,,,44,1,,43,,,,1968,1006,,962,99,56,43,
2020-05-06,,,,63,7,,56,,,,2031,1013,,1018,102,56,46,
2020-05-07,,,,125,16,,109,,,,2156,1029,,1127,107,56,51,
2020-05-08,,,,17,5,,12,,,,2173,1034,,1139,108,57,51,
2020-05-09,,,,25,6,,19,,,,2198,1040,,1158,111,57,54,
2020-05-10,,,,58,14,,44,,,,2256,1054,,1202,113,57,56,
2020-05-11,,,,43,8,,35,,,,2299,1062,,1237,114,58,56,
2020-05-12,,,,30,2,,28,,,,2329,1064,,1265,115,58,57,
2020-05-13,,,,98,9,,89,,,,2427,1073,,1354,117,58,59,
2020-05-14,,,,115,15,,100,,,,2542,1088,,1454,122,59,63,
2020-05-15,,,,47,26,,21,,,,2589,1114,,1475,122,59,63,
2020-05-16,,,,57,33,,24,,,,2646,1147,,1499,123,60,63,
2020-05-17,,,,64,48,,16,,,,2710,1195,,1515,124,60,64,
2020-05-18,,,,95,12,,83,,,,2805,1207,,1598,124,60,64,
2020-05-19,,,,62,0,,62,-1,,,2866,1206,,1660,125,59,66,
2020-05-20,,,,47,7,,40,,,,2913,1213,,1700,126,60,66,
2020-05-21,,,,117,8,,109,,,,3030,1221,,1809,126,60,66,
2020-05-22,,,,70,9,,61,,,,3100,1230,,1870,127,61,66,
2020-05-23,,,,89,0,,89,,,,3189,1230,,1959,127,61,66,
2020-05-24,,,,71,10,,61,,,,3260,1240,,2020,129,61,68,
2020-05-25,,,,64,1,,63,,,,3324,1241,,2083,129,61,68,
2020-05-26,,,,73,19,,54,,,,3397,1260,,2137,129,61,68,
2020-05-27,,,,89,20,,69,,,,3486,1280,,2206,131,61,70,
2020-05-28,,,,161,13,,148,,,,3647,1293,,2354,132,62,70,
2020-05-29,,,,71,7,,64,,,,3718,1300,,2418,133,62,71,
2020-05-30,,,,58,4,,54,,,,3776,1304,,2472,136,63,73,
2020-05-31,,,,97,0,,97,,,,3873,1304,,2569,136,63,73,
2020-06-01,,,,62,1,,61,,,,3935,1305,,2630,138,63,75,
2020-06-02,,,,88,8,,80,,,,4023,1313,,2710,140,63,77,
2020-06-03,,,,130,9,,121,,,355,4508,1322,,3186,140,63,77,
2020-06-04,,,,112,8,,104,,,,4620,1330,,3290,141,63,78,
2020-06-05,,,,208,30,,178,,,87,4915,1360,,3555,142,63,79,
2020-06-06,,,,70,4,,66,,,,4985,1364,,3621,142,63,79,
2020-06-07,,,,61,9,,52,,,,5046,1373,,3673,142,63,79,
2020-06-08,,,,109,13,,96,,,30,5185,1386,,3799,142,63,79,
2020-06-09,,,,122,16,,106,,,22,5329,1402,,3927,143,63,80,
2020-06-10,,,,,1,,22,,,,,1403,,3949,144,56,88,
2020-06-11,,,,,13,,86,27,,58,,1443,,4093,146,56,90,
2020-06-12,,,,,8,,109,9,,28,,1460,,4230,146,56,90,
2020-06-13,,,,,11,,69,,,41,,1471,,4340,147,57,90,
2020-06-14,,,,,6,,47,,,26,,1477,,4413,147,57,90,
2020-06-15,,,,,2,,23,,,36,,1479,,4472,147,57,90,
2020-06-16,,,,,7,,21,,,24,,1486,,4517,147,57,90,
2020-06-17,,,,,10,,55,,,43,,1496,,4615,147,57,90,
2020-06-18,,,,,6,,61,-3,,20,,1499,,4696,147,57,90,
2020-06-19,,,,,32,,183,,,53,,1531,,4932,147,57,90,
2020-06-20,,,,,2,,30,,,30,,1533,,4992,149,57,92,
2020-06-21,,,,,7,,19,,,13,,1540,,5024,149,57,92,
2020-06-22,,,,,10,,59,,,52,,1550,,5135,149,57,92,
2020-06-23,,,,,22,,67,5,,41,,1577,,5243,149,57,92,
2020-06-24,,,,,1,,40,1,,15,,1579,,5298,151,57,94,
2020-06-25,,,,,4,,22,,,19,,1583,,5339,151,57,94,
2020-06-26,,,,,19,,113,,,12,,1602,,5464,152,58,94,
2020-06-27,,,,,22,,78,,,23,,1624,,5565,153,59,94,
2020-06-28,,,,,13,,40,1,,7,,1638,,5612,153,59,94,
2020-06-29,,,,,55,,120,,,40,,1693,,5772,153,59,94,
2020-06-30,,,,,27,,41,9,,-5,,1729,,5808,153,59,94,
2020-07-01,,,,,23,,41,15,,-8,,1767,,5841,153,59,94,
2020-07-02,,,,,25,,53,-1,,-2,,1791,,5892,154,60,94,
2020-07-03,,,,,27,,60,-1,,18,,1817,,5970,155,60,95,
2020-07-04,,,,,28,,68,1,,32,,1846,,6070,155,60,95,
2020-07-05,,,,,204,,333,21,,111,,2071,,6514,155,60,95,
2020-07-06,,,,,76,,55,,,-2,,2147,,6567,157,62,95,
2020-07-07,,,,,28,,18,-4,,-11,,2171,,6574,159,64,95,
2020-07-08,,,,,61,,48,3,,5,,2235,,6627,159,64,95,
2020-07-09,,,,,113,,132,3,,27,,2351,,6786,159,64,95,
2020-07-10,,,,,84,,103,,,42,,2435,,6931,167,71,96,
2020-07-11,,,,,148,,106,,,34,,2583,,7071,167,71,96,
2020-07-12,,,,,227,,94,1,,34,,2811,,7199,167,71,96,
2020-07-13,,,,,93,,24,,,-4,,2904,,7219,169,73,96,
2020-07-14,,,,,137,,107,2,,10,,3043,,7336,171,75,96,
2020-07-15,,,,,75,,71,1,,48,,3119,,7455,172,75,97,
2020-07-16,,,,,156,,202,-3,,191,,3272,,7848,177,80,97,
2020-07-17,,,,,188,,109,1,,35,,3461,,7992,178,81,97,
2020-07-18,,,,,325,,255,5,,25,,3791,,8272,178,81,97,
2020-07-19,,,,,220,,185,,,-7,,4011,,8450,180,81,99,
2020-07-20,,,,,235,,252,9,,-17,,4255,,8685,180,81,99,
2020-07-21,,,,,77,,28,-2,,-5,,4330,,8708,185,84,101,
2020-07-22,,,,,235,,172,9,,19,,4574,,8899,188,87,101,
2020-07-23,,,,,218,,272,2,,2,,4794,,9173,191,90,101,
2020-07-24,,,,,244,,294,4,,31,,5042,,9498,201,99,102,
2020-07-25,,,,,192,,378,2,,31,,5236,,9907,201,99,102,
2020-07-26,,,,,179,,99,1,,9,,5416,,10015,201,99,102,
2020-07-27,,,,,167,,249,2,,-9,,5585,,10255,209,104,105,
2020-07-28,,,,,115,,73,,,33,,5700,,10361,211,106,105,
2020-07-29,,,,,218,,298,2,,-7,,5920,,10652,214,109,105,
2020-07-30,,,,,78,,138,-1,,-6,,5997,,10784,219,113,106,
2020-07-31,,,,,455,,532,91,,13,,6543,,11329,225,115,110,
2020-08-01,,,,,224,,276,68,,-29,,6835,,11576,230,119,111,
2020-08-02,,,,,227,,137,51,,-35,,7113,,11678,230,119,111,
2020-08-03,,,,,267,,237,33,,-4,,7413,,11911,237,127,110,
2020-08-04,,,,,276,,94,-5,,-38,,7684,,11967,246,133,113,
2020-08-05,,,,,137,,140,3,,3,,7824,,12110,258,144,114,
2020-08-06,,,,,399,,370,7,,-24,,8230,,12456,265,149,116,
2020-08-07,,,,,340,,435,3,,-40,,8573,,12851,274,158,116,
2020-08-08,,,,,345,,359,16,,-23,,8934,,13187,279,161,118,
2020-08-09,,,,,353,,352,32,,-37,,9319,,13502,279,161,118,
2020-08-10,,,,,281,,341,5,,-45,,9605,,13798,287,167,120,
2020-08-11,,,,,403,,186,161,,-79,,10169,,13905,295,174,121,
2020-08-12,,,,,123,,189,-13,,73,,10279,,14167,306,182,124,
2020-08-13,,,,,399,,291,52,,-60,,10730,,14398,317,192,125,
2020-08-14,,,,,293,,289,46,,-61,,11069,,14626,329,201,128,
2020-08-15,,,,,181,,158,1,,-29,,11251,,14755,335,205,130,
2020-08-16,,,,,410,,361,62,,-79,,11723,,15037,335,206,129,
2020-08-17,,,,,633,,394,15,,-89,,12371,,15342,346,216,130,
2020-08-18,,,,,82,,154,-1,,-14,,12452,,15482,356,225,131,
2020-08-19,,,,,125,,102,-1,,-17,,12576,,15567,367,236,131,
2020-08-20,,,,,419,,318,19,,-53,,13014,,15832,374,240,134,
2020-08-21,,,,,252,,419,16,,44,,13282,,16295,381,246,135,
2020-08-22,,,,,191,,147,4,,-23,,13477,,16419,390,251,139,
2020-08-23,,,,,442,,311,3,,-34,,13922,,16696,390,251,139,
2020-08-24,,,,,70,,44,,,-12,,13992,,16728,395,256,139,
2020-08-25,,,,,18,,12,,,-6,,14010,,16734,404,263,141,
2020-08-26,,,,,452,,234,7,,-54,,14469,,16914,412,270,142,
2020-08-27,,,,,251,,376,6,,-28,,14726,,17262,424,280,144,
2020-08-28,,,,,240,,321,20,,-19,,14986,,17564,428,283,145,
2020-08-29,,,,,197,,128,46,,-73,,15229,,17619,434,287,147,
2020-08-30,,,,,246,,106,1,,-2,,15476,,17723,434,287,147,
2020-08-31,,,,,97,,116,11,,-2,,15584,,17837,435,288,147,
2020-09-01,,,,,359,,238,-1,,-14,,15942,,18061,443,293,150,
2020-09-02,,,,,127,,81,0,,-13,,16069,,18129,448,296,152,
2020-09-03,,,,,53,,25,-21,,-14,,16101,,18140,455,302,153,
2020-09-04,,,,,140,,116,2,,-7,,16243,,18249,464,309,155,
2020-09-05,,,,,32,,17,-6,,-2,,16269,,18264,477,317,160,
2020-09-06,,,,,414,,435,9,,-16,,16692,,18683,477,317,160,
2020-09-07,,,,,107,,48,-11,,-15,,16788,,18716,482,319,163,
2020-09-08,,,,,1,,0,,,2,,16789,,18718,500,337,163,
2020-09-09,,,,,476,,372,-17,,-59,,17248,,19031,512,349,163,
2020-09-10,,,,,121,,164,-12,,29,,17357,,19224,523,359,164,
2020-09-11,,,,,242,,263,-1,,7,,17598,,19494,535,370,165,
2020-09-12,,,,,164,,132,7,,-15,,17769,,19611,539,373,166,
2020-09-13,,,,,202,,174,6,,-12,,17977,,19773,542,376,166,
2020-09-14,,,,,233,,225,-4,,-32,,18206,,19966,551,385,166,
2020-09-15,,,,,58,,53,-12,,13,,18252,,20032,570,403,167,
2020-09-16,,,,,388,,266,-6,,-65,,18634,,20233,588,420,168,
2020-09-17,,,,,492,,379,-13,,-41,,19113,,20571,599,430,169,
2020-09-18,,,,,683,,432,11,,183,,19807,,21186,605,435,170,
2020-09-19,,,,,251,,161,11,,422,,20069,,21769,608,438,170,
2020-09-20,,,,,230,,243,12,,153,,20311,,22165,609,439,170,
2020-09-21,,,,,88,,36,,,-4,,20399,,22197,613,443,170,
2020-09-22,,,,,36,,26,4,,-2,,20439,,22221,617,447,170,
2020-09-23,,,,,708,,519,9,,-54,,21156,,22686,627,456,171,
2020-09-24,,,,,701,,391,11,,-40,,21868,,23037,635,464,171,
2020-09-25,,,,,284,,215,12,,-3,,22164,,23249,642,471,171,
2020-09-26,,,,,514,,343,19,,15,,22697,,23607,644,473,171,
2020-09-27,,,,,241,,285,419,,173,,23357,,24065,648,477,171,
2020-09-28,,,,,442,,624,2,,-23,,23801,,24666,654,483,171,
2020-09-29,,,,,207,,122,-8,,-33,,24000,,24755,661,489,172,
2020-09-30,,,,,230,,206,-54,,-70,,24176,,24891,665,492,173,
2020-10-01,,,,,327,,340,2,,11,,24505,,25242,673,500,173,
2020-10-02,,,,,294,,289,5,,40,,24804,,25571,681,508,173,
2020-10-03,,,,,220,,126,10,,-56,,25034,,25641,686,510,176,
2020-10-04,,,,,352,,269,11,,-2,,25397,,25908,695,518,177,
2020-10-05,,,,,236,,234,2,,-40,,25635,,26102,696,519,177,
2020-10-06,,,,,23,,12,0,,-4,,25658,,26110,705,528,177,
2020-10-07,,,,,340,,179,12,,-5,,26010,,26284,715,536,179,
2020-10-08,,,,,314,,316,2,,-34,,26326,,26566,720,541,179,
2020-10-09,,,,,209,,162,23,,78,,26558,,26806,728,548,180,
2020-10-10,,,,,163,,118,55,,-29,,26776,,26895,730,551,179,
2020-10-11,,,,,213,,169,15,,166,,27004,,27230,735,554,181,
2020-10-12,,,,,126,,63,9,,108,,27139,,27401,738,557,181,
2020-10-13,,,,,490,,504,,,-18,,27629,,27887,742,561,181,
2020-10-14,,,,,318,,272,,,-21,,27947,,28138,743,562,181,
2020-10-15,,,,,196,,117,31,,-17,,28174,,28238,758,575,183,
2020-10-16,,,,,104,,134,15,,-15,,28293,,28357,761,578,183,
2020-10-17,,,,,411,,223,7,,2,,28711,,28582,766,583,183,
2020-10-18,,,,,359,,273,68,,-43,,29138,,28812,768,585,183,
2020-10-19,,,,,239,,208,208,,38,,29585,,29058,769,586,183,
2020-10-20,,,,,128,,60,4,,-5,,29717,,29113,774,590,184,
2020-10-21,,,,,136,,133,-49,,-13,,29804,,29233,783,596,187,
2020-10-22,,,,,1114,,878,38,,-83,,30956,,30028,791,602,189,
2020-10-23,,,,,153,,160,-37,,20,,31072,,30208,794,604,190,
2020-10-24,,,,,650,,542,15,,16,,31737,,30766,801,610,191,
2020-10-25,,,,,444,,156,17,,15,,32198,,30937,804,612,192,
2020-10-26,,,,,234,,125,29,,-26,,32461,,31036,808,616,192,
2020-10-27,,,,,23,,27,43,,-3,,32527,,31060,813,620,193,
2020-10-28,,,,,705,,508,47,,-49,,33279,,31519,814,621,193,
2020-10-29,,,,,565,,404,9,,-33,,33853,,31890,820,626,194,
2020-10-30,,,,,276,,122,9,,-22,,34138,,31990,822,626,196,
2020-10-31,,,,,395,,149,8,,-19,,34541,,32120,832,632,200,
2020-11-01,,,,,859,,622,5,,25,,35405,,32767,839,639,200,
2020-11-02,,,,,255,,63,90,,363,,35750,,33193,842,642,200,
2020-11-03,,,,,57,,19,,,1,,35807,,33213,850,648,202,
2020-11-04,,,,,292,,117,2,,-15,,36101,72,33315,855,653,202,
2020-11-05,,,,,789,,364,14,,-64,,36904,72,33615,862,659,203,
2020-11-06,,,,,565,5,403,21,,-53,,37490,77,33965,862,659,203,0
2020-11-07,,,,,499,26,138,10,-2,-37,,37999,101,34066,872,669,203,0
2020-11-08,,,,,466,10,244,9,-4,-31,,38474,107,34279,882,675,207,0
2020-11-09,,,,,204,69,132,3,-1,-21,,38681,175,34388,889,682,207,0
2020-11-10,,,,,118,146,41,,,-4,,38799,321,34424,901,693,208,0
2020-11-11,,,,,1154,142,860,15,21,-64,,39968,484,35210,909,700,209,0
2020-11-12,,,,,604,74,240,2,-13,-34,,40574,545,35416,914,704,210,0
2020-11-13,,,,,601,63,368,0,-10,-51,,41174,598,35733,921,711,210,0
2020-11-14,,,,,599,99,385,25,-16,108,,41798,681,36226,935,725,210,0
2020-11-15,,,,,434,71,232,47,-15,160,,42279,737,36618,942,731,211,0
2020-11-16,,,,,469,74,131,42,-16,61,,42790,795,36810,951,740,211,0
2020-11-17,,,,,202,86,182,39,-2,148,,43031,879,37140,971,756,215,0
2020-11-18,,,,,371,153,126,1,-5,-26,,43403,1028,37240,982,767,215,0
2020-11-19,,,,,869,59,396,5,-29,-67,,44277,1058,37569,991,775,216,0
2020-11-20,,,,,920,129,395,71,-21,-91,,45268,1166,37873,1012,793,219,0
2020-11-21,,,,,957,101,886,11,-43,-70,,46235,1224,38689,1017,798,219,0
2020-11-22,,,,,686,78,492,2,-25,-51,,46923,1277,39130,1032,812,220,0
2020-11-23,,,,,293,61,129,0,-6,-25,,47216,1332,39234,1038,819,219,0
2020-11-24,,,,,128,54,40,1,-6,-8,,47345,1380,39266,1052,832,220,0
2020-11-25,,,,,392,11,211,118,-19,-65,,47854,1372,39409,1069,847,222,0
2020-11-26,,,,,1350,129,741,22,-49,-123,,49226,1452,40027,1076,852,224,0
2020-11-27,,,,,850,77,416,5,-29,-76,,50081,1500,40367,1083,859,224,0
2020-11-28,,,,,143,8,65,-27,-3,-34,,50197,1505,40398,1094,869,225,0
2020-11-29,,,,,732,77,594,-18,-25,-98,,50988,1557,40897,1106,881,225,0
2020-11-30,,,,,647,135,451,12,-19,-69,,51647,1673,41279,1122,897,225,0
2020-12-01,,,,,298,43,244,64,-17,-17,,52009,1699,41505,1144,918,226,0
2020-12-02,,,,,329,64,117,11,-7,-20,,52349,1756,41602,1155,926,229,0
2020-12-03,,,,,415,69,200,20,-12,-17,,52784,1813,41785,1173,943,229,1
2020-12-04,,,,,441,100,228,408,-14,-22,,53633,1899,41991,1185,955,229,1
2020-12-05,,,,,868,79,628,245,-53,739,,54746,1925,43358,1192,959,232,1
2020-12-06,,,,,902,45,563,32,-28,-115,,55680,1942,43806,1203,966,236,1
2020-12-07,,,,,528,155,511,34,-23,-11,,56242,2074,44306,1206,969,236,1
2020-12-08,,,,,423,229,335,9,-15,-46,,56674,2288,44595,1219,979,240,0
2020-12-09,,,,,367,94,118,61,-20,-43,,57096,2362,44667,1238,996,242,0
2020-12-10,,,,,1517,81,1230,16,-70,-32,,58629,2373,45864,1249,1008,241,0
2020-12-11,,,,,443,73,357,220,-17,541,,59292,2431,46762,1266,1023,243,0
2020-12-12,,,,,494,179,370,56,-21,184,,59842,2589,47316,1272,1029,243,0
2020-12-13,,,,,461,76,193,45,-28,-65,,60348,2637,47444,1282,1036,246,0
2020-12-14,,,,,304,151,130,16,-37,-44,,60668,2751,47530,1294,1048,246,0
2020-12-15,,,,,124,152,32,,-9,-17,,60792,2894,47546,1312,1077,235,0
2020-12-16,,,,,849,147,545,142,-74,-8,,61783,2968,48083,1323,1086,237,0
2020-12-17,,,,,1250,147,961,42,-58,16,,63075,3057,49060,1333,1094,239,0
2020-12-18,,,,,1104,92,883,5,-120,-84,,64182,3029,49859,1342,1102,240,0
2020-12-19,,,,,459,333,376,56,374,-96,,64697,3736,50177,1368,1125,243,0
2020-12-20,,,,,346,88,181,21,-39,-35,,65064,3785,50323,1382,1141,241,0
2020-12-21,,,,,982,143,588,21,-83,-120,,66067,3845,50791,1391,1150,241,0
2020-12-22,,,,,483,87,365,33,-27,-59,,66583,3905,51097,1408,1166,242,0
2020-12-23,,,,,234,53,141,54,-21,-29,,66871,3937,51209,1423,1179,244,0
2020-12-24,,,,,407,102,192,148,-41,56,,67426,3998,51457,1432,1187,245,0
2020-12-25,,,,,473,83,540,562,-99,1160,,68461,3982,53157,1432,1187,245,0
2020-12-26,,,,,736,75,840,68,-95,574,,69265,3962,54571,1445,1196,249,0
2020-12-27,,,,,42,11,20,354,24,455,,69661,3997,55046,1456,1205,251,0
2020-12-28,,,,,947,260,694,654,271,-283,,71262,4528,55457,1460,1209,251,0
2020-12-29,,,,,66,25,18,14,-7,-2,,71342,4546,55473,1484,1228,256,0
2020-12-30,,,,,245,103,241,63,-8,-10,,71650,4641,55704,1503,1243,260,0
2020-12-31,,,,,657,162,572,20,-76,-60,,72327,4727,56216,1521,1257,264,0
2021-01-01,,,,,619,145,456,216,-102,-125,,73162,4770,56546,1526,1261,265,0
2021-01-02,,,,,253,54,100,-16,-54,-33,,73399,4770,56613,1545,1279,266,0